,Element,Astrounits,abundance
0,H,12.0,0.9255063396141868
1,He,10.900443005202654,0.0735906100539277
2,C,8.390640769930538,0.0002275203084884876
3,N,7.83129712493342,6.275907340514383e-05
4,O,8.689826689788093,0.0004531125464731652
5,F,4.490360450992619,2.8624627840531103e-08
6,Ne,7.873194103755812,6.91151892798699e-05
7,Na,6.300656519713137,1.8494215663190347e-06
8,Mg,7.549633254327679,3.281048516479461e-05
9,Al,6.465459582030366,2.702956024229795e-06
10,Si,7.540739605513722,3.2145412525540154e-05
11,P,5.463495388277816,2.6907589050517574e-07
12,S,7.188970881528914,1.4300468954579874e-05
13,Cl,5.2628849683943475,1.6953695019731288e-07
14,Ar,6.553451403259639,3.3100213972184507e-06
15,K,5.108831348132445,1.1890791009676158e-07
16,Ca,6.339304654794032,2.021547976739433e-06
17,Ti,5.058243031015313,1.0583332214170777e-07
18,Cr,5.651277916161173,4.1462674674088093e-07
19,Mn,5.505345191645927,2.9629518203848766e-07
