,Element,Astrounits,abundance
0,H,12.0,0.9255046969757703
1,He,10.900443100800619,0.07359049564027406
2,C,8.390640769930538,0.00022751990467321018
3,N,7.837148102843585,6.361019545004768e-05
4,O,8.689827273815153,0.00045311235159704795
5,F,4.667206639806405,4.3011567186079837e-08
6,Ne,7.874525019400335,6.932719782456043e-05
7,Na,6.3040720140104405,1.8640203148785723e-06
8,Mg,7.553444736945941,3.309964714878623e-05
9,Al,6.465963922421649,2.706091951386571e-06
10,Si,7.541926640482217,3.223333691640705e-05
11,P,5.464954423769319,2.6998090632092023e-07
12,S,7.189001105125286,1.4301438810193225e-05
13,Cl,5.288537976555714,1.7985255164235188e-07
14,Ar,6.553511395478686,3.310472790237327e-06
15,K,5.1194625414882955,1.218543868259049e-07
16,Ca,6.339722904901217,2.023492187943859e-06
17,Ti,5.5880116889461515,3.5841841594244303e-07
18,Cr,5.652003484850832,4.153192987067873e-07
19,Mn,5.526098420515652,3.107971643074741e-07
