,Element,Astrounits,abundance
0,H,12.0,0.9255047991125208
1,He,10.90044308041324,0.07359050030695792
2,C,8.390640769930538,0.00022751992978182803
3,N,7.837109663701851,6.360457261856579e-05
4,O,8.689827065541987,0.0004531121843040117
5,F,4.627659678279416,3.9267961214551535e-08
6,Ne,7.874811828326141,6.937300441873159e-05
7,Na,6.304691052991817,1.866679371167472e-06
8,Mg,7.553444736945941,3.309965080159363e-05
9,Al,6.465697951336484,2.704435489521437e-06
10,Si,7.541281883407517,3.218552210209994e-05
11,P,5.46379680407955,2.692622553671907e-07
12,S,7.188995225094419,1.4301246758697603e-05
13,Cl,5.290384487793878,1.806188874639019e-07
14,Ar,6.5535218751488165,3.3105530393550026e-06
15,K,5.117935257250603,1.214266272861873e-07
16,Ca,6.339567374444697,2.0227678836213406e-06
17,Ti,5.463255228908559,2.689266884377907e-07
18,Cr,5.651774772806919,4.1510068293498714e-07
19,Mn,5.518534224574245,3.0543084920578746e-07
