,Element,Astrounits,abundance
0,H,12.0,0.9254882709122999
1,He,10.900444056779095,0.07358935152607488
2,C,8.390640769930538,0.00022751586659927372
3,N,7.891692324539578,7.212124973414673e-05
4,O,8.689833114042555,0.0004531104028739222
5,F,5.305187611374586,1.868781518729293e-07
6,Ne,7.887614548996454,7.144724188094225e-05
7,Na,6.33682620789285,2.0100049503537042e-06
8,Mg,7.5898255349109505,3.599121053547833e-05
9,Al,6.470975373213707,2.7374506107258672e-06
10,Si,7.553621887111878,3.311256365955771e-05
11,P,5.479281361756191,2.790308877917207e-07
12,S,7.1893032254620275,1.4311137176981445e-05
13,Cl,5.485425571301097,2.8300655217323346e-07
14,Ar,6.554110862315801,3.3149866323004344e-06
15,K,5.213521334782792,1.5131857887536168e-07
16,Ca,6.343883400282872,2.0429339204188923e-06
17,Ti,6.493657471181232,2.88422004164835e-06
18,Cr,5.659193270572914,4.222446831586198e-07
19,Mn,5.692416889373484,4.558141557688203e-07
