,Element,Astrounits,abundance
0,H,12.0,0.9254892922445664
1,He,10.900443852905726,0.07358939819086907
2,C,8.390640769930538,0.00022751611767678927
3,N,7.891353183926936,7.20650317538984e-05
4,O,8.689831031334403,0.0004531087299694406
5,F,5.2081038247718325,1.4944287816571946e-07
6,Ne,7.890389519184567,7.19053024873387e-05
7,Na,6.34253332359681,2.0365952288196913e-06
8,Mg,7.5898255349109505,3.5991250253955364e-05
9,Al,6.468338996194377,2.720886304221528e-06
10,Si,7.547304559995394,3.263442449815678e-05
11,P,5.4679491661316355,2.718445086518668e-07
12,S,7.189244462466469,1.4309216704906249e-05
13,Cl,5.497028656573108,2.906698958255536e-07
14,Ar,6.554215503118895,3.3157891150127196e-06
15,K,5.201067308132369,1.4704108766497602e-07
16,Ca,6.342340462446782,2.035691020006305e-06
17,Ti,6.332333370222203,1.989320548349474e-06
18,Cr,5.656938450873692,4.2005856971235446e-07
19,Mn,5.638018903516033,4.021520639150999e-07
