,Element,Astrounits,abundance
0,H,12.0,0.9253240423405813
1,He,10.900453616448136,0.07357791261734582
2,C,8.390640769930538,0.00022747549374205957
3,N,8.230200629070008,0.00015721517935413668
4,O,8.689891511997438,0.0004530909194464901
5,F,6.244629849448632,1.6252631772020255e-06
6,Ne,8.000521314819384,9.264354420767908e-05
7,Na,6.573981350585531,3.4695663492193167e-06
8,Mg,7.845958881687393,6.490120019194354e-05
9,Al,6.518144943979124,3.0509759933310134e-06
10,Si,7.655952461121445,4.1903114877337333e-05
11,P,5.601335919541555,3.6951303731545914e-07
12,S,7.1923129253331775,1.4408101914058401e-05
13,Cl,6.15241559872896,1.314345205199396e-06
14,Ar,6.560060455501103,3.36011624210111e-06
15,K,5.682946534691005,4.459029865028065e-07
16,Ca,6.383432957110433,2.237313295722837e-06
17,Ti,7.482988667856178,2.813730603986872e-05
18,Cr,5.725216429887271,4.914850096169511e-07
19,Mn,6.313760916195506,1.9057010032971082e-06
