,Element,Astrounits,abundance
0,H,12.0,0.9253342521402276
1,He,10.900451577755007,0.07357837906089947
2,C,8.390640769930538,0.0002274780036511393
3,N,8.22864294080576,0.00015665403263496376
4,O,8.689870687266943,0.0004530741929891857
5,F,6.130954860753669,1.2509890233545992e-06
6,Ne,8.02147313483097,9.722361679275988e-05
7,Na,6.6060432073593445,3.735440693674648e-06
8,Mg,7.845958881687393,6.490191629594652e-05
9,Al,6.493901991162415,2.8853641365590975e-06
10,Si,7.603339996074581,3.712262124589391e-05
11,P,5.5074251701675125,2.9766228306323165e-07
12,S,7.191729000728689,1.4388901480410828e-05
13,Cl,6.1770213679144925,1.3909771834512547e-06
14,Ar,6.561091525511923,3.3681402228354743e-06
15,K,5.639155627047843,4.0313849052350244e-07
16,Ca,6.36913891523312,2.1648985698056457e-06
17,Ti,7.316778348348639,1.9190088899573027e-05
18,Cr,5.70545562276335,4.696283013629101e-07
19,Mn,6.170163804669237,1.3691859784335116e-06
