,Element,Astrounits,abundance
0,H,12.0,0.9255061570985191
1,He,10.900443015824651,0.07359059734127944
2,C,8.390640769930538,0.00022752026362005262
3,N,7.831951139880445,6.285364267044125e-05
4,O,8.689826754680027,0.00045311252482022903
5,F,4.5139608335556725,3.022317917865418e-08
6,Ne,7.873342184846919,6.913874582199943e-05
7,Na,6.301037348257971,1.8510436520513964e-06
8,Mg,7.5500584080394635,3.284261432481551e-05
9,Al,6.465515648782985,2.7033044611302576e-06
10,Si,7.540871658621929,3.2155181917715795e-05
11,P,5.463657745602988,2.691764479766805e-07
12,S,7.188974239810159,1.4300576716484698e-05
13,Cl,5.2658112859204955,1.7068312994391847e-07
14,Ar,6.553458069471013,3.310071552077452e-06
15,K,5.1100255251873,1.192352969165008e-07
16,Ca,6.339351146924413,2.0217640005474007e-06
17,Ti,5.160396000064652,1.3389837684078337e-07
18,Cr,5.651358594791921,4.1470369708071546e-07
19,Mn,5.507700690079224,2.9790651594382564e-07
