,Element,Astrounits,abundance
0,H,12.0,0.9255061775259319
1,He,10.900443011747175,0.07359059827461985
2,C,8.390640769930538,0.00022752026864179158
3,N,7.831943359778075,6.285251808577164e-05
4,O,8.689826713025353,0.0004531124913615758
5,F,4.503066484957099,2.9474456586969877e-08
6,Ne,7.873399718259979,6.914790715031876e-05
7,Na,6.301162095180489,1.851575463814821e-06
8,Mg,7.550058408039463,3.284261504970494e-05
9,Al,6.465462412670559,2.702973168202292e-06
10,Si,7.540742470273058,3.214561893888664e-05
11,P,5.46342577664219,2.690327175541123e-07
12,S,7.188973063737605,1.4300538306109337e-05
13,Cl,5.26620108186081,1.7083639713411511e-07
14,Ar,6.553460165682641,3.3100876019160353e-06
15,K,5.109713794670721,1.1914974482333183e-07
16,Ca,6.339320018653213,2.021619139429003e-06
17,Ti,5.098078666298153,1.1599999972718458e-07
18,Cr,5.651312794054558,4.146599738476484e-07
19,Mn,5.506133226770216,2.968332510404918e-07
